8.707581880748698211e-01
2.498566637041150784e-01
5.965582316260835682e-01
5.715262243220546878e-01
5.896624981272786670e-01
4.385418943457679575e-01
5.073426575170465469e-01
5.624956370618114931e-01
4.426230771360977201e-01
4.045799460072334597e-01
3.629846659540625353e-01
7.390782934311221908e-01
5.775584006942242610e-01
5.518048176442675867e-01
2.868809468155077980e-01
6.416890065260556497e-01
5.314266772312805642e-01
5.375901140865479988e-01
4.500590745315182772e-01
4.235871997422329116e-01
5.460018297242790197e-01
3.221667561149281767e-01
5.324611936099294951e-01
4.000506618439434448e-01
8.174684276074692946e-01
7.382872620537526132e-01
4.715189812813900261e-01
6.640875706639768339e-01
5.943756607961212524e-01
2.935572687743199793e-01
6.290516719738672435e-01
4.728920072228675053e-01
3.680751900052054992e-01
4.535341895786668687e-01
8.191078230040940156e-01
2.658989991032481015e-01
5.676705535557129423e-01
6.116725078079063849e-01
7.646222786733272159e-01
6.842130849838081730e-01
7.280353443058515950e-01
5.034054058782864161e-01
5.289087109921055685e-01
4.649601502643960771e-01
6.477029151335784718e-01
3.889453941514435797e-01
6.864345669684652762e-01
9.163094490561061178e-01
5.793895543017377747e-01
2.865805562053793665e-01
5.804311695177037933e-01
4.989522696890045239e-01
3.031267340514229858e-01
5.631231230606310589e-01
5.853194439165338991e-01
4.431613529956646147e-01
5.131925213550410092e-01
3.821097843614555956e-01
6.926160604110869201e-01
5.633535753697618276e-01
5.777263550896538646e-01
4.126471686357007229e-01
5.818344015053469320e-01
6.186537740986661760e-01
3.585747109050032577e-01
5.541644131481717750e-01
2.415658727809564255e-01
3.385559194715241915e-01
4.031536523303849151e-01
5.035940044814424255e-01
6.003334402980637918e-01
5.949952701629577234e-01
4.718198357235134921e-01
5.890641842976549469e-01
3.387841211627868887e-01
5.114467156629576294e-01
6.279010668998186162e-01
6.573120564851375747e-01
5.130782115588434777e-01
3.815669547608315781e-01
4.190135002097967742e-01
4.504675130530877425e-01
5.355014263690254239e-01
3.614538023388007559e-01
1.402768981352302546e-01
4.264307233254918117e-01
7.229610511872444079e-01
5.064032389008534807e-01
7.490704223588338095e-01
4.847021673463682845e-01
3.641724130274113236e-01
3.925257071922434449e-01
6.093873498292339264e-01
4.526712603774196708e-01
5.772414139469681515e-01
5.693612651819712767e-01
5.848898306219147969e-01
4.987183139473945204e-01
4.160372648859489431e-01
3.580952608491028144e-01
6.019557512289424039e-01
5.787354750131825654e-01
9.234672335616771477e-01
6.233765033540699108e-01
5.356200343441379630e-01
3.796433233702565246e-01
4.045080480718592497e-01
3.535860897496228006e-01
5.404542195245909397e-01
6.287573900966059171e-01
5.500095426667783727e-01
6.625491745450027281e-01
4.559306743794220296e-01
3.581422377351017872e-01
5.604644353658851941e-01
6.205618799649670336e-01
4.399984980819269254e-01
3.565227116117970496e-01
5.017915583763876697e-01
5.371723230094858081e-01
5.315038904072437731e-01
4.637132067887250741e-01
3.108466472193391894e-01
5.954185156106426291e-01
3.378950422288422573e-01
4.814718157068043070e-01
5.118653539073267922e-01
5.622011112880880290e-01
6.352061165463922521e-01
7.088306105253057154e-01
5.790554296278713764e-01
4.123578886106677999e-01
4.784437488715873599e-01
4.621303009020110153e-01
5.452417614434956761e-01
3.566024357454011806e-01
6.765694631949461524e-01
6.364566766587653746e-01
3.990645058254909117e-01
6.781042376812180805e-01
3.671885922481390452e-01
5.566118540159354922e-01
5.257723526035125161e-01
4.149549540153483207e-01
8.247052314029730269e-01
4.260882078313326105e-01
4.384481904053778578e-01
5.481616416995596097e-01
6.737104141328167373e-01
3.234488673488247201e-01
3.455648281124332755e-01
3.927113623936904219e-01
5.525998194022534449e-01
4.024305166658290744e-01
7.194580176810330130e-01
6.873030423618455842e-01
3.877903297181202191e-01
4.990863836110612795e-01
2.642658513106290741e-01
4.570416196477484760e-01
3.856348059042566945e-01
3.769184089057624476e-01
4.757751421622984367e-01
2.834249763082574702e-01
3.309332281154340194e-01
3.712765074081705308e-01
7.025201687688600316e-01
4.410738130909876986e-01
5.921360557087993470e-01
3.937494003640225060e-01
6.523755008363156804e-01
4.514818714997694826e-01
5.676580085838622836e-01
4.938913269982627696e-01
4.759799215618549795e-01
3.803501763999665997e-01
6.746636836918362690e-01
3.863567537372709637e-01
4.469847511542663909e-01
3.603511346987993136e-01
4.190467519863396717e-01
4.879210479048374793e-01
1.882166231267650147e-01
6.785057697397878229e-01
5.993603873792228143e-01
3.420864739654874143e-01
4.834812631100184888e-01
6.870215889403432641e-01
5.014087296519011971e-01
6.454676423478726832e-01
5.295614234163501521e-01
7.520238758055004524e-01
3.113033349113862869e-01
3.681532433797798376e-01
5.874537082973780855e-01
6.640074701619269604e-01
3.069087893402588918e-01
7.777107659380302351e-01
4.349872566741961322e-01
7.095020181466331621e-01
4.427558394800623631e-01
5.998685971173340903e-01
4.988033413058552412e-01
3.648724227296913369e-01
5.606216353772861538e-01
6.159254800892384196e-01
4.447394426627901964e-01
4.523497564804959126e-01
2.011045920451977054e-01
4.479726943577091447e-01
3.864220118810539617e-01
4.044924670417131551e-01
7.609550730336103186e-01
4.692213065591133159e-01
4.321933105430950661e-01
4.651791925651895809e-01
5.782851946000313603e-01
4.333701064787973678e-01
4.929632187100185803e-01
6.314019385257694239e-01
5.599508712601419802e-01
5.467612752146990829e-01
5.894704566890176523e-01
5.081626339658065206e-01
6.364984688983632566e-01
4.439316157908095306e-01
5.260737069393996990e-01
4.275348318598979347e-01
6.403859041761599258e-01
4.278778361255550777e-01
4.833203609149290259e-01
6.105200531442136480e-01
3.058771078980324631e-01
1.413864347836977231e-01
3.080766645457693187e-01
4.393867598551750575e-01
5.041885836992481273e-01
5.560774469700451306e-01
4.659661226866376182e-01
6.339138600877731733e-01
4.801965767735616453e-01
3.233366364776752988e-01
3.936855770393439258e-01
5.823789540809229948e-01
4.893128904324086648e-01
6.094448776193832629e-01
4.813828158659738676e-01
3.976425014729123575e-01
3.347846248059269669e-01
6.194893072539038315e-01
7.098811034270973153e-01
4.938918978410384852e-01
5.897899177893783929e-01
3.973462259599447322e-01
5.295660868863620863e-01
4.029331321515670083e-01
4.923607281165107707e-01
5.396183778046541590e-01
4.336917782271587640e-01
4.367583410041326886e-01
4.023882623924777135e-01
8.624703638970476760e-01
5.888221513552096553e-01
5.797141426670862074e-01
2.719738657319030750e-01
8.150341950150572501e-01
4.595668263823942112e-01
5.849812261293720894e-01
3.380433216547178432e-01
3.688482963376031876e-01
5.091809073334445657e-01
3.220830182520568741e-01
4.227466864862137186e-01
4.867191713578744583e-01
7.598003518393685596e-01
5.745525493723917521e-01
6.332805060587016754e-01
8.043099108844327105e-01
4.716435616943321918e-01
2.815052007773033438e-01
5.691862296843428481e-01
5.174953203825651826e-01
3.510703411841031851e-01
4.686234259366752752e-01
9.026708730774952727e-01
2.781243885360318302e-01
5.615452343169380356e-01
6.569066347378829107e-01
6.681763787681305189e-01
3.375586555648091291e-01
6.953942537256789791e-01
4.132869306470521309e-01
3.581566936721820582e-01
4.302879019343084366e-01
6.690382041188485118e-01
3.786726398139368399e-01
7.022356456490328469e-01
7.564982635820332035e-01
5.230282823495393529e-01
3.251945338180313172e-01
5.476022963844648928e-01
4.432661093561591770e-01
3.772469517535519401e-01
4.847837830410952620e-01
5.316805994175073380e-01
4.487138255497935546e-01
5.374810600021273643e-01
3.668914874907756030e-01
6.218116646761551181e-01
5.559196060668281092e-01
4.639732412241972526e-01
4.829225622029724718e-01
7.786573452357359315e-01
5.380455055367754369e-01
3.639671207072261438e-01
5.453575297045283321e-01
2.232697348918453173e-01
3.350511591257419042e-01
5.275608626821650660e-01
4.924145285150629547e-01
5.111047026686819095e-01
6.033409528831263913e-01
5.812449346735490963e-01
6.088443851521727623e-01
3.277830844653308873e-01
4.411308059415546268e-01
6.454676423479845937e-01
6.369313177446400687e-01
4.833203609147602720e-01
3.867500497707982987e-01
6.454829147551279789e-01
4.580469669398485877e-01
4.836125706536638091e-01
3.773726023981627264e-01
1.517279027785818357e-01
5.398127211660810332e-01
6.914193328707192165e-01
4.218826444720580326e-01
5.780032862173989372e-01
4.559166082143910614e-01
4.329149532932845545e-01
3.979503685399059520e-01
8.270285664160290651e-01
5.097821009172189832e-01
6.480279585466632852e-01
6.217184057003137809e-01
3.531729475484173264e-01
5.515106927642214885e-01
4.532144857911788449e-01
3.380466779661599475e-01
5.791227729278247693e-01
7.596330886708422270e-01
9.165156918947801046e-01
5.368784831900050847e-01
5.605941144116943775e-01
3.628738901915582460e-01
4.708173294653121843e-01
4.939180261179423326e-01
2.921218428777265785e-01
5.310524949113304416e-01
5.312944064593203564e-01
5.078573733426452463e-01
5.029740237823254745e-01
4.169898135009102447e-01
5.403876354979253449e-01
4.789848635985460845e-01
4.300706019814946046e-01
4.617978428828379833e-01
4.143924597440360458e-01
2.734176741638716379e-01
4.725728782284761564e-01
4.317818706699654285e-01
3.508777681393500103e-01
6.244445599647079348e-01
3.714418886991950330e-01
4.221145454055648116e-01
3.568102275208477892e-01
5.814824965645382093e-01
3.677808636559980471e-01
6.343841405874197648e-01
5.797591627963250005e-01
3.557564389785312642e-01
4.379511130708770850e-01
4.824157519798770721e-01
5.863460665792494808e-01
3.528705382410741720e-01
6.078613274347368645e-01
7.262011787283988440e-01
4.359932656743303880e-01
4.060766324663642735e-01
3.344079567665740882e-01
4.082721014735071208e-01
5.491186633071780676e-01
4.249270453078555221e-01
7.551749406446717217e-01
5.093173982116656617e-01
4.005916318048363678e-01
5.478946552061607633e-01
7.999490539533287148e-01
2.400873314336422482e-01
3.923505248114942390e-01
3.500073912131540510e-01
5.874537082974633506e-01
5.561987547368367757e-01
7.352808642141539508e-01
6.484661690966770919e-01
3.324210720806348718e-01
6.105200531442118717e-01
3.021467680320082394e-01
3.995179982841570165e-01
3.529121149860561246e-01
3.808765271780369943e-01
5.186775432343733172e-01
3.904818901400908260e-01
3.842451108633326839e-01
3.863361271885654702e-01
6.453403260021914889e-01
5.965529887499538830e-01
4.906771699926402164e-01
4.084559050950318237e-01
7.295716860113206081e-01
4.628176520810232120e-01
8.630623500881693388e-01
7.882451340894522929e-01
6.767148244205785090e-01
4.294334695649890676e-01
6.703963279792120034e-01
3.726962172468599732e-01
5.309905632298068667e-01
4.275348318598641839e-01
5.030881337819561594e-01
4.871752331749323872e-01
2.245712000509083595e-01
4.858591033014878491e-01
4.152942321723038788e-01
3.793023401644539661e-01
4.920980604157030314e-01
6.478203535964546234e-01
4.564756446269129242e-01
6.279010668996445332e-01
4.931793415985019635e-01
6.717395550940157278e-01
3.333616966226884415e-01
3.506537822608688515e-01
5.525998194021681797e-01
7.862000682747467550e-01
3.530415021596322589e-01
7.989148357706312709e-01
7.087341542402025851e-01
6.136050432692279344e-01
5.191130007780007105e-01
6.802126748293204628e-01
5.578974640789517991e-01
3.909039886103435890e-01
4.052199717062947570e-01
6.542045155305693527e-01
4.274261793701068513e-01
4.552484663012368316e-01
3.167416965291138808e-01
5.495222044580909682e-01
3.527429708969460620e-01
3.589418254764211724e-01
6.442942274099827671e-01
4.339843951448631998e-01
4.446050956878639937e-01
4.802197028291548264e-01
5.812123030546256786e-01
5.608575277417084948e-01
3.738433554997602215e-01
6.980461649822853332e-01
6.833092329881917948e-01
5.098107021056055288e-01
5.623675352951416073e-01
6.726527685397520884e-01
5.654545558026420338e-01
4.337701923487582434e-01
5.430239398569636222e-01
3.603511346988419461e-01
6.354374665046247372e-01
4.067387600402412318e-01
5.130782115588825576e-01
4.990863836110541740e-01
2.139683206358284906e-01
2.643473589560798587e-01
3.343596056332636124e-01
4.529592915181943624e-01
4.297010482403589293e-01
4.860334849223342246e-01
4.033526107571141495e-01
5.649202801115897898e-01
5.205907834695757685e-01
3.076145544607840066e-01
4.182313407756126367e-01
5.328512195150629793e-01
5.976272236865369791e-01
4.671629273062869458e-01
4.278424526871642541e-01
3.947537541167829289e-01
3.258546451274693112e-01
6.794022622589626081e-01
